s	h:m:s	max_rss	max_vms	max_uss	max_pss	io_in	io_out	mean_load	cpu_time	tag	task	sample	cpus_per_task	snake_thread
2841.9418	0:47:21	6460.83	14129.94	2260.16	3033.31	9869.54	53.1	127.76	3632.62	a8	m6anet_dataprep	deac	16	4
3000.9266	0:50:00	6530.16	14206.96	2295.15	3238.88	13456.23	50	123.51	3707.45	a9	m6anet_dataprep	deac	8	4
3109.5199	0:51:49	5084.57	12805.87	2610.82	3206.81	5031.61	49.61	128.44	3995.02	a7	m6anet_dataprep	deac	32	4
3150.332	0:52:30	5867.31	13645.27	2195.59	3009.58	677.04	49.45	127.91	4029.75	a0	m6anet_dataprep	deac	4	4
5164.5985	1:26:04	6330.42	13992.91	2576.31	3499.97	63873.49	98.71	125.35	6473.13	b7	m6anet_dataprep	deac	32	4
5586.5074	1:33:06	6456.12	14286.16	2662.37	3583.13	55841.29	100.05	124.04	6930.24	b9	m6anet_dataprep	deac	8	4
5803.5581	1:36:43	5953.76	13804.68	2853.87	3552.54	63375.32	100.18	122.32	7100.53	b8	m6anet_dataprep	deac	16	4
6612.9641	1:50:12	6942.75	14503.57	3014.91	3947.46	43196.72	98.8	126.38	8358.05	b0	m6anet_dataprep	deac	4	4
12432.8705	3:27:12	6488.86	14256.88	2987.22	3789.79	127313.14	223.93	122.42	15202.42	c8	m6anet_dataprep	deac	16	4
12834.4683	3:33:54	6958.54	14791.54	3646.56	4352.23	127623.77	222.04	115.91	14877.19	c9	m6anet_dataprep	deac	8	4
12899.0244	3:34:59	6509.91	14200.22	2990.88	3813.97	127448.32	229.09	124.02	15999.33	c0	m6anet_dataprep	deac	4	4
12946.7585	3:35:46	6389.76	14105.77	2729.27	3569.43	128282.11	222.11	124.16	16076.58	c7	m6anet_dataprep	deac	32	4
32894.7616	9:08:14	7140.51	14792.29	3142.5	4032.29	339724.19	729.28	125.17	41178.28	d7	m6anet_dataprep	deac	32	4
33642.8216	9:20:42	6882.84	14764.52	2862.26	3649.36	349958.04	746.83	124.85	42005.44	d8	m6anet_dataprep	deac	16	4
33633.4384	9:20:33	6973.24	14739.7	3220.12	4093.74	337713.25	742.65	122.63	41248.01	d9	m6anet_dataprep	deac	8	4
36924.5583	10:15:24	6787.13	14574.29	3157.71	3957.39	325307.46	723.76	126.29	46609.81	d0	m6anet_dataprep	deac	4	4
2248.8068	0:37:28	13216.62	27219.35	4211.42	5487.21	18597.2	49.31	127.67	2873.96	a3	m6anet_dataprep	deac	32	8
3258.1902	0:54:18	14209.85	28045.09	4074	5418.62	6914.05	49.48	123.15	3988.87	a5	m6anet_dataprep	deac	16	8
3241.0881	0:54:01	13531.05	27648.43	3227.77	4553.33	14976.86	53.11	123.61	4002.29	a6	m6anet_dataprep	deac	8	8
6372.2399	1:46:12	14573.55	28356.93	3665.24	5067.94	63501.7	99.26	123.38	7863.66	b3	m6anet_dataprep	deac	32	8
7424.7572	2:03:44	13636.45	27379.85	3363.48	4703.67	59602.08	102.87	117.45	8719.9	b5	m6anet_dataprep	deac	16	8
7116.1948	1:58:36	13823.19	27507.02	3331.34	4636.48	57100.33	108.09	118.48	8422.36	b6	m6anet_dataprep	deac	8	8
12982.2293	3:36:22	15180.91	28959.85	5277.26	6600.78	128511.18	220.45	124.32	16119.19	c3	m6anet_dataprep	deac	32	8
10497.8404	2:54:57	14475.71	28685.08	4134.33	5454	127692.1	221.15	123.36	12952.49	c5	m6anet_dataprep	deac	16	8
13523.2607	3:45:23	14484.38	28627.84	4461.9	5701.35	120644.54	236.18	123.16	16656.08	c6	m6anet_dataprep	deac	8	8
70120.3674	19:28:40	16391.15	30156.68	6192.63	7472.26	348527.27	719.05	59.25	41559.07	d3	m6anet_dataprep	deac	32	8
33917.1313	9:25:17	17002.49	30912.95	5871.34	7213.8	383700.02	725.38	122.76	41646.63	d5	m6anet_dataprep	deac	16	8
29244.358	8:07:24	16557.27	30478.19	6793.48	7958.96	337702.2	717.91	125.55	36693.61	d6	m6anet_dataprep	deac	8	8
3189.0163	0:53:09	33558.75	59515.2	4741.7	6650.25	25172.84	49.48	124.62	3965.54	a2	m6anet_dataprep	deac	32	16
3491.787	0:58:11	32633.6	59444.46	4802.63	5863.56	17847.68	53.29	121.64	4230.51	a4	m6anet_dataprep	deac	16	16
6714.4697	1:51:54	32535.68	58461.49	5634.79	7482.66	57713.67	98.83	120.53	8072.66	b2	m6anet_dataprep	deac	32	16
5931.1674	1:38:51	34415.39	61495.55	6420.12	8420.82	37234.12	98.59	121.63	7216.51	b4	m6anet_dataprep	deac	16	16
10637.585	2:57:17	35640.42	62649.23	6308.58	8292.81	128067.99	220.19	122.97	13062.14	c2	m6anet_dataprep	deac	32	16
10114.8032	2:48:34	35389.97	62321.15	7441.01	9332.31	127904.18	219.12	110.02	11116.52	c4	m6anet_dataprep	deac	16	16
33098.0812	9:11:38	40975.77	66983.46	9565.11	11610.53	342565.55	719.43	124.65	41236.16	d2	m6anet_dataprep	deac	32	16
22839.6075	6:20:39	42660.98	69615.33	10383	12528.19	338135.49	715.35	131.77	30079.44	d4	m6anet_dataprep	deac	16	16
2140.4868	0:35:40	81591.45	132466.66	7682.5	9305.83	677.85	49.18	133.72	2846.01	a1	m6anet_dataprep	deac	32	32
6656.3239	1:50:56	77050.64	127383.8	9181.8	11454.03	36242.65	98.71	119.77	7897.92	b1	m6anet_dataprep	deac	32	32
12852.7597	3:34:12	101449.92	153500.34	13733.47	16752.15	112587.67	220.36	122.64	15772.05	c1	m6anet_dataprep	deac	32	32
35898.6554	9:58:18	120070.09	170343.07	23838.03	27283.84	330757.32	721.65	117.72	42156.19	d1	m6anet_dataprep	deac	32	32
3073.1647	0:51:13	6447.49	14278.43	2440.03	3332.25	17799.08	64.57	125.54	3859.24	a8	m6anet_dataprep	s1	16	4
3320.6061	0:55:20	6662.49	14422.77	2783.68	3785.54	17699.77	63.12	127.64	4239.23	a9	m6anet_dataprep	s1	8	4
3402.6859	0:56:42	6308.48	13885.54	2826.29	3654.19	76.98	64.36	134.85	4594.06	a7	m6anet_dataprep	s1	32	4
3481.0594	0:58:01	6690.89	14473.71	3166.8	3934.12	23182.54	64.97	133.61	4651.73	a0	m6anet_dataprep	s1	4	4
4799.638	1:19:59	6566.35	14384.95	3085.08	3929.74	52155.6	124.12	142.92	6863.54	b7	m6anet_dataprep	s1	32	4
5437.8357	1:30:37	6280.8	13914.54	2948.49	3722.66	58341.55	130.59	136.12	7402.43	b8	m6anet_dataprep	s1	16	4
7581.0995	2:06:21	6109.41	13864.93	2262.39	3129.25	70677.45	129.12	125.6	9522.71	b9	m6anet_dataprep	s1	8	4
7637.1391	2:07:17	6457.3	14159.71	2907.42	3791.77	60994.03	125.18	128.53	9817.84	b0	m6anet_dataprep	s1	4	4
13099.3485	3:38:19	6650.32	14410.83	3006.32	3813.9	159352.14	286.92	126.9	16614.92	c9	m6anet_dataprep	s1	8	4
13391.4625	3:43:11	6886.71	14579.74	3176.06	4013.69	153936.53	298.12	128.85	17249.89	c8	m6anet_dataprep	s1	16	4
13697.3503	3:48:17	6816.27	14585.48	3464.32	4265.78	149829.61	285.38	130.96	17938.72	c7	m6anet_dataprep	s1	32	4
15269.2321	4:14:29	6834.66	14441.02	3143.31	3944.53	156953.04	292.88	123.45	18852.25	c0	m6anet_dataprep	s1	4	4
51709.8849	14:21:49	7692.14	15479.17	4919.62	5582.47	611702.21	1448.31	129.87	67154.09	d7	m6anet_dataprep	s1	32	4
40139.4243	11:08:59	7281.28	15011.75	3815.12	4648.86	607544.07	1486.61	128.75	51675.47	d8	m6anet_dataprep	s1	16	4
45329.5478	12:35:29	7361.91	15255.49	3726.75	4581.8	607533.9	1440.07	132.16	59910.36	d9	m6anet_dataprep	s1	8	4
51572.9003	14:19:32	7340.05	15038.26	4073.55	4808.97	606925.28	1508.96	130.7	67411.16	d0	m6anet_dataprep	s1	4	4
2424.8162	0:40:24	14615.66	28489.22	3755.47	5189.7	23534.7	60.52	128.72	3122.61	a3	m6anet_dataprep	s1	32	8
3249.1559	0:54:09	13070.16	26862.84	4011.34	5230.81	23238.31	60.73	132.29	4298.87	a5	m6anet_dataprep	s1	16	8
3460.6626	0:57:40	12538.13	26213.45	3200.25	4434.92	23191.35	65.02	133.88	4624.93	a6	m6anet_dataprep	s1	8	8
7075.3475	1:57:55	12935.5	26700.52	4035.45	5204.78	59410.24	123.54	130.28	9205.2	b3	m6anet_dataprep	s1	32	8
7917.1239	2:11:57	13318.26	27488.84	4021.46	5233.03	50980.21	133.68	126.38	9989.89	b5	m6anet_dataprep	s1	16	8
7895.0945	2:11:35	13518.5	27568.39	4818.95	5968.41	47793.96	133.62	126.47	9971.91	b6	m6anet_dataprep	s1	8	8
13921.3844	3:52:01	14384.74	28503.88	5033.43	6252.21	149729.87	285.6	130.29	18124.08	c3	m6anet_dataprep	s1	32	8
10869.7822	3:01:09	14099.84	28122.88	6234.33	7244.87	135132.44	286.82	133.62	14524.36	c5	m6anet_dataprep	s1	16	8
14823.5871	4:07:03	12760.26	26815.98	4210.2	5309.86	145256.95	302.27	129.25	19161.39	c6	m6anet_dataprep	s1	8	8
53132.0747	14:45:32	16857.21	30723.83	7486.32	8691.94	611223.7	1450.03	127.81	67879.13	d3	m6anet_dataprep	s1	32	8
47965.3769	13:19:25	16965.18	30989.84	5865.41	7232.23	621144.96	1475.26	123.27	59108.05	d5	m6anet_dataprep	s1	16	8
59857.0509	16:37:37	16173.98	30048.19	6880.11	8024.87	608098.2	1447.96	126.09	75460.57	d6	m6anet_dataprep	s1	8	8
3408.5534	0:56:48	33798.52	60521.04	6715.51	8612.69	23477.57	60.98	138.11	4689.32	a2	m6anet_dataprep	s1	32	16
3969.3931	1:06:09	35677.31	62518.96	4940.5	6457.01	1153.45	64.78	124.31	4908.3	a4	m6anet_dataprep	s1	16	16
7816.6137	2:10:16	33866.14	59803.89	6371.96	8211.8	81832.79	123.97	122.42	9571.96	b2	m6anet_dataprep	s1	32	16
5978.6721	1:39:38	33116.96	60200.51	7437.92	9246.23	48514.07	123.14	135.06	8081.83	b4	m6anet_dataprep	s1	16	16
10734.8606	2:58:54	37466.25	63865.07	7273.55	9320.64	160663.73	283.45	130.48	14007.14	c2	m6anet_dataprep	s1	32	16
10503.0916	2:55:03	36736.73	63071.84	10456.34	12273.05	148355.83	283.24	123.45	12936.65	c4	m6anet_dataprep	s1	16	16
53833.5697	14:57:13	43498.2	70347.41	14542.07	16608.68	611706.69	1448.43	126.63	68120.4	d2	m6anet_dataprep	s1	32	16
37854.6493	10:30:54	42622.27	68854.11	13321.88	15190.68	624867	1438.77	130.95	49570.25	d4	m6anet_dataprep	s1	16	16
2423.9116	0:40:23	72777.32	123531.87	8339.02	10466.65	23124.54	63.95	143.71	3441.25	a1	m6anet_dataprep	s1	32	32
6782.3866	1:53:02	94847.96	147064.33	11914.25	14772.06	50538.92	124.84	132.93	8947.92	b1	m6anet_dataprep	s1	32	32
14801.0459	4:06:41	102454.57	152946.67	17492.01	20451.09	148447.59	286.73	124.96	18435.66	c1	m6anet_dataprep	s1	32	32
53889.2389	14:58:09	118026.04	169873.29	25806.46	28986.85	620042.54	1454.8	128.76	69279.85	d1	m6anet_dataprep	s1	32	32
3171.8144	0:52:51	7092.93	14741.91	3595.26	4464.59	1115.73	60.95	130.86	4154.95	a9	m6anet_dataprep	s2	8	4
3396.923	0:56:36	6326.7	13978.81	2949.79	3727.56	34948.68	63.86	122.58	4170.61	a8	m6anet_dataprep	s2	16	4
3556.4592	0:59:16	6453.34	14042.57	3135.23	3970.35	860.69	64.6	130.31	4634.68	a0	m6anet_dataprep	s2	4	4
3576.3147	0:59:36	5980.5	13713.46	2718.3	3469.16	22793.76	60.52	129.45	4629.71	a7	m6anet_dataprep	s2	32	4
5661.1254	1:34:21	6164.79	13994.99	2728.6	3538.79	79606.48	122.78	131.02	7417.25	b7	m6anet_dataprep	s2	32	4
6447.7772	1:47:27	6334.81	14032.31	2407.68	3318.51	78395.94	125.29	125.74	8107.03	b8	m6anet_dataprep	s2	16	4
6807.6233	1:53:27	6400.92	14132.74	2859.81	3622.54	80245.41	126.29	122.76	8349.81	b9	m6anet_dataprep	s2	8	4
7652.8985	2:07:32	7074.96	14662.75	3071.1	3975.73	64186.36	128.1	126.5	9681.9	b0	m6anet_dataprep	s2	4	4
13217.6801	3:40:17	6800.78	14540.05	3309.29	4140.36	159581.1	282.45	121.03	15999.62	c9	m6anet_dataprep	s2	8	4
13461.8029	3:44:21	6634.23	14394.14	3483.41	4195.67	158789.74	286.86	124.28	16732.47	c8	m6anet_dataprep	s2	16	4
14199.2692	3:56:39	6774.59	14573.13	4071.32	4713.6	159734.16	283.29	127.18	18060.19	c7	m6anet_dataprep	s2	32	4
15446.9593	4:17:26	7013.43	14773.16	3850.05	4554.83	158865.13	290.98	122.83	18952.43	c0	m6anet_dataprep	s2	4	4
34788.8143	9:39:48	6864.26	14616.71	3225.2	4044.92	397980.98	860.84	127.18	44248.5	d7	m6anet_dataprep	s2	32	4
32220.2517	8:57:00	6791.37	14615.55	3166.02	3979	397281.79	889.82	129.58	41755.68	d8	m6anet_dataprep	s2	16	4
37149.5185	10:19:09	6804.11	14624.54	3682.9	4354.54	396351.81	883.16	124.58	46283.94	d9	m6anet_dataprep	s2	8	4
35486.4063	9:51:26	7336.14	15143.48	3756.28	4550.19	382309.99	903.51	131.53	46676.91	d0	m6anet_dataprep	s2	4	4
2621.2338	0:43:41	13765.68	27624.56	4801.29	6004.48	34669.79	60.06	125.7	3295.97	a3	m6anet_dataprep	s2	32	8
2966.2594	0:49:26	13272.54	27417.71	4935.12	6114.28	802.62	59.96	134.52	3972.07	a5	m6anet_dataprep	s2	16	8
3669.5408	1:01:09	12985.36	27126.48	3273.59	4531.94	9521.36	64.52	127.11	4664.43	a6	m6anet_dataprep	s2	8	8
7452.0291	2:04:12	13908.2	27957.62	4115.59	5454.95	80262.71	122.7	121.78	9061.32	b3	m6anet_dataprep	s2	32	8
8385.2494	2:19:45	12927.25	26625.35	3655.71	4833.7	76953.56	126.53	118.73	9936.05	b5	m6anet_dataprep	s2	16	8
8400.3378	2:20:00	13957.91	27874.43	4103.13	5374.95	66271.32	133.08	118.21	9905.5	b6	m6anet_dataprep	s2	8	8
14255.3018	3:57:35	13279.61	27445.77	4642.68	5846.29	159598.93	281.41	128.39	18305.39	c3	m6anet_dataprep	s2	32	8
12201.0528	3:23:21	14822.29	28704.66	5289.72	6522.76	160302.59	283.54	129.68	15812.28	c5	m6anet_dataprep	s2	16	8
15564.1669	4:19:24	13421.24	27604.32	5174.12	6210.14	154842.64	288.54	125.65	19555.2	c6	m6anet_dataprep	s2	8	8
34646.3422	9:37:26	16683.57	30791.74	6851.93	8106.76	410870.49	857.94	129.39	44808.31	d3	m6anet_dataprep	s2	32	8
34345.473	9:32:25	15559.24	29720.01	5170.86	6470.82	413017.29	859.54	127.06	43638.76	d5	m6anet_dataprep	s2	16	8
32623.9733	9:03:43	16165.44	29981.31	6224.79	7365.77	396249.09	859.39	125.21	40845.41	d6	m6anet_dataprep	s2	8	8
3379.9908	0:56:19	34590.01	61446.5	7263.6	9120.89	4846.39	61.52	131.12	4426.62	a2	m6anet_dataprep	s2	32	16
3848.952	1:04:08	34968.34	60994.16	4984.83	6773.84	22057.54	63.6	126.96	4842.72	a4	m6anet_dataprep	s2	16	16
7238.048	2:00:38	35900.8	61773.12	7394.87	9355.69	66778.06	122.41	123.96	8971.97	b2	m6anet_dataprep	s2	32	16
5915.9117	1:38:35	34068.8	60264.19	6579.43	8425.52	46705.06	122.02	135.75	8010.54	b4	m6anet_dataprep	s2	16	16
11564.0795	3:12:44	35783.46	62627.67	8917.51	10824.2	159605.17	280.75	125.3	14465.64	c2	m6anet_dataprep	s2	32	16
10423.5707	2:53:43	35058.13	62028.79	8825.25	10692.85	142848.55	279.59	121.1	12589.76	c4	m6anet_dataprep	s2	16	16
34390.3499	9:33:10	39534.17	65535.23	10036.7	11909.77	422868.23	858.17	130.28	44795.24	d2	m6anet_dataprep	s2	32	16
62285.4775	17:18:05	39531.88	66408.38	14417.44	16101.56	397061.27	856.99	52.67	32789.01	d4	m6anet_dataprep	s2	16	16
3021.7251	0:50:21	81982.77	133042.88	8475.24	10880.83	17704.11	63.52	117.26	3511.24	a1	m6anet_dataprep	s2	32	32
6751.3137	1:52:31	90763.16	143053.38	10550.07	13238.7	38282.38	122.18	132.84	8912.28	b1	m6anet_dataprep	s2	32	32
14253.8493	3:57:33	100304.27	152165.66	16131.28	19085.48	145325.29	281.3	127.05	18113.41	c1	m6anet_dataprep	s2	32	32
34494.3281	9:34:54	109780.51	160189.03	22373.71	25407.83	387664.7	862.92	128.18	44175.72	d1	m6anet_dataprep	s2	32	32
23.7502	0:00:23	772.77	9559.28	145.46	269.74	14.81	28.01	173.17	41.99	b8	m6anet_inference	deac	16	4
32.6774	0:00:32	742.79	9486.55	189.15	297.7	209.59	16	92.9	31.36	b0	m6anet_inference	deac	4	4
40.4955	0:00:40	763.35	9558.56	221.54	321.25	302.53	16	63.88	26.1	b9	m6anet_inference	deac	8	4
48.8929	0:00:48	746.32	9556.03	129.93	238.15	82.24	4	8.97	5.76	a9	m6anet_inference	deac	8	4
50.739	0:00:50	745.94	9555.04	128.05	242.24	49.43	8.01	27.21	14.41	b7	m6anet_inference	deac	32	4
51.4188	0:00:51	761.16	9551.22	146	280.93	147.21	16	48.03	25.41	a8	m6anet_inference	deac	16	4
52.9803	0:00:52	715.71	9473.32	183.2	282.12	1.53	16.01	39.52	22.2	a0	m6anet_inference	deac	4	4
55.9378	0:00:55	747.81	9481.16	129.36	253.64	189.59	4	10.12	6.97	a7	m6anet_inference	deac	32	4
58.4851	0:00:58	797.65	9487.82	221.17	321.91	376.74	71.97	196.83	116.25	c7	m6anet_inference	deac	32	4
69.1374	0:01:09	729.63	9559.59	182.32	287.6	180.16	20	43.39	31.04	c9	m6anet_inference	deac	8	4
70.156	0:01:10	774.46	9495.16	219.52	336.53	392.33	59.99	128.73	91.4	c0	m6anet_inference	deac	4	4
101.5513	0:01:41	779.69	9569.09	134.73	268.89	130.44	55.99	92.39	94.44	c8	m6anet_inference	deac	16	4
172.1366	0:02:52	783.35	9501.18	301.3	378.17	806.29	291.69	238.18	407.59	d7	m6anet_inference	deac	32	4
202.729	0:03:22	791.3	9571.24	311.82	386.06	688.2	251.75	213.97	434.98	d8	m6anet_inference	deac	16	4
228.9714	0:03:48	797.02	9569.71	333.37	408.21	652.55	295.69	160.79	369.56	d9	m6anet_inference	deac	8	4
227.8392	0:03:47	791.65	9496.64	326.48	417.78	472.48	259.74	173.31	394.43	d0	m6anet_inference	deac	4	4
11.8483	0:00:11	1209.33	17253.43	184.94	311.47	186.6	19.43	263.13	32.2	a3	m6anet_inference	deac	32	8
17.1706	0:00:17	1273.16	17259.25	182.79	304.65	101.82	16.01	242.26	43.39	a5	m6anet_inference	deac	16	8
17.0048	0:00:17	1210.97	17054.55	233.82	343.55	1.07	16.01	252.56	43.67	a6	m6anet_inference	deac	8	8
29.4517	0:00:29	1277.5	17118.81	207.53	323.22	275.75	24	155.65	46.98	b3	m6anet_inference	deac	32	8
32.1846	0:00:32	1259.52	17065.23	195.09	322.71	344.95	20	112.16	35.79	b5	m6anet_inference	deac	16	8
35.9986	0:00:35	1283.75	17122.83	258.83	355.67	214.5	20.01	130.35	47.61	b6	m6anet_inference	deac	8	8
127.7185	0:02:07	1294.72	17134.32	258.36	369.56	325.42	64	110.94	143.56	c3	m6anet_inference	deac	32	8
100.0883	0:01:40	1294.5	17263.31	234.67	343.21	304.7	63.99	203.94	155.98	c5	m6anet_inference	deac	16	8
97.6416	0:01:37	1259.88	16877.71	235.66	335.47	361.5	71.96	206.42	202.76	c6	m6anet_inference	deac	8	8
206.0196	0:03:26	1298.78	17158.96	376.8	479.25	708.4	247.75	216.96	446.5	d3	m6anet_inference	deac	32	8
267.8527	0:04:27	1321.14	17294.71	405.5	484.17	1085.22	291.7	269.2	717.03	d5	m6anet_inference	deac	16	8
387.6405	0:06:27	1321.38	17290.67	441.41	556.84	807.5	291.71	357.82	1398.62	d6	m6anet_inference	deac	8	8
21.7	0:00:21	2254.21	32439.87	286.16	410.49	317.25	19.43	196.8	44.88	a2	m6anet_inference	deac	32	16
24.6419	0:00:24	2282.37	32428.88	345.8	445.23	0	16	357.55	87.89	a4	m6anet_inference	deac	16	16
43.6609	0:00:43	2359.59	32441.17	343.86	461.68	168.09	16	81.8	37.66	b2	m6anet_inference	deac	32	16
69.9027	0:01:09	2295.05	32707.21	351.71	453.32	152.38	28.02	450.91	316.53	b4	m6anet_inference	deac	16	16
119.2868	0:01:59	2236.58	32646.55	334.9	442.9	274.67	35.99	124.42	152.05	c2	m6anet_inference	deac	32	16
94.7797	0:01:34	2323.08	32586.75	356.06	467.21	262.68	71.97	329.06	312.24	c4	m6anet_inference	deac	16	16
334.4813	0:05:34	2365.61	32503.73	401.68	490.13	746.15	263.74	199.13	660.97	d2	m6anet_inference	deac	32	16
333.0382	0:05:33	2418.45	32768.91	449.06	579.21	533.92	291.75	375.53	1273.75	d4	m6anet_inference	deac	16	16
56.4126	0:00:56	4167.16	81754.37	484.42	580.78	1.66	8	398.17	218.16	a1	m6anet_inference	deac	32	32
119.1486	0:01:59	4397.1	75128.09	593.5	679.89	38.28	28.02	299.64	357.1	b1	m6anet_inference	deac	32	32
271.6971	0:04:31	4244.34	75180.53	556.95	643.7	343.91	68.03	301.18	833.31	c1	m6anet_inference	deac	32	32
857.9883	0:14:17	5323.62	147687.32	682.56	774.19	536.67	295.95	360.67	3127.7	d1	m6anet_inference	deac	32	32
13.6157	0:00:13	749.15	9557.42	114.49	246.13	5.84	23.99	207.54	29.48	a9	m6anet_inference	s1	8	4
14.3666	0:00:14	757.57	9565.52	225.51	332.96	11.35	24.75	209.25	31.64	a8	m6anet_inference	s1	16	4
14.4834	0:00:14	760.01	9481.86	213.77	307.64	0	19.99	203.13	31.02	a7	m6anet_inference	s1	32	4
17.9739	0:00:17	740.12	9474.31	217.88	322.28	0	24	182.57	33.38	a0	m6anet_inference	s1	4	4
26.1981	0:00:26	759.28	9548.77	205.63	316.78	0	32	192.54	51.26	b8	m6anet_inference	s1	16	4
29.1818	0:00:29	775.54	9568.19	205.32	300.15	0	27.99	171.71	50.88	b7	m6anet_inference	s1	32	4
32.3919	0:00:32	777.1	9568.21	218.68	328.64	288.15	24.02	113.5	37.24	b9	m6anet_inference	s1	8	4
63.0181	0:01:03	737.93	9490.26	220.49	306.65	323.8	31.99	83.7	53.26	b0	m6anet_inference	s1	4	4
73.6848	0:01:13	773.82	9485.98	204.65	304.12	71.21	28	53.77	40.98	c7	m6anet_inference	s1	32	4
79.1459	0:01:19	761.87	9557.7	247.53	351.76	67.16	71.98	153.08	122.26	c8	m6anet_inference	s1	16	4
87.8867	0:01:27	755.51	9570.56	226.3	312.16	388.03	99.96	199.31	173.9	c9	m6anet_inference	s1	8	4
94.4596	0:01:34	754.71	9483.8	211.47	325.84	133.58	95.98	150.49	143.97	c0	m6anet_inference	s1	4	4
455.1294	0:07:35	827.39	9520.38	360.6	448.9	860.01	603.23	187.63	845.2	d7	m6anet_inference	s1	32	4
331.8131	0:05:31	841.36	9597.11	331.11	412.85	859.06	603.23	242.94	787.79	d8	m6anet_inference	s1	16	4
327.2933	0:05:27	839.07	9594.91	340.51	420.15	841.03	615.19	229.6	764.3	d9	m6anet_inference	s1	8	4
447.7349	0:07:27	855.47	9520.55	357.59	456.32	833.73	571.28	163.78	706.77	d0	m6anet_inference	s1	4	4
14.6248	0:00:14	1246.92	17271.83	244.73	348.5	115.77	24.74	267.06	41.88	a3	m6anet_inference	s1	32	8
19.3909	0:00:19	1260.51	17262.97	265.14	370.11	0	20	264.58	53.2	a5	m6anet_inference	s1	16	8
22.6142	0:00:22	1221.5	17063.71	242.37	345.18	0	19.99	206.59	49.35	a6	m6anet_inference	s1	8	8
35.4667	0:00:35	1286.33	16874.84	254.07	364.38	0	27.98	142.55	51.61	b3	m6anet_inference	s1	32	8
37.9984	0:00:37	1286.39	17135.76	257.1	348.29	0.85	24	93.69	37.13	b5	m6anet_inference	s1	16	8
49.0864	0:00:49	1311.74	17017.99	283.54	380.94	215.86	20	96	46.78	b6	m6anet_inference	s1	8	8
113.4348	0:01:53	1301.88	17148.31	309.49	407.04	90.48	111.96	215.16	245.81	c3	m6anet_inference	s1	32	8
155.6493	0:02:35	1265.79	17285.41	273.14	366.39	403.96	95.96	160.56	250.23	c5	m6anet_inference	s1	16	8
159.0326	0:02:39	1254.15	17091.73	261.02	369.12	314.09	76	147.62	229.47	c6	m6anet_inference	s1	8	8
448.3154	0:07:28	1445.5	17086.62	522.54	611.11	844.94	623.2	244.74	1096.44	d3	m6anet_inference	s1	32	8
536.6192	0:08:56	1407.09	17346.43	534.83	610.32	845.76	587.36	288.65	1480.42	d5	m6anet_inference	s1	16	8
736.5582	0:12:16	1410.15	17354.3	539.35	634.36	1177.36	587.37	266.52	2048.24	d6	m6anet_inference	s1	8	8
25.8495	0:00:25	2260.2	32188.78	358.96	453.99	0	19.99	183.81	50.86	a2	m6anet_inference	s1	32	16
32.8535	0:00:32	2265.85	32441.71	355.38	458.21	1.01	15.99	255.92	86.57	a4	m6anet_inference	s1	16	16
58.2496	0:00:58	2276.57	31682.52	366.3	452.32	0	43.97	211.1	124.57	b2	m6anet_inference	s1	32	16
93.6314	0:01:33	2312.95	32648.11	398.36	509.45	241.04	28	344.52	324.38	b4	m6anet_inference	s1	16	16
134.9764	0:02:14	2263.22	31828.86	394.02	478.58	410.21	91.97	229.72	313.56	c2	m6anet_inference	s1	32	16
133.547	0:02:13	2386.61	32726.5	440.2	537.7	316.09	91.97	303.46	404.18	c4	m6anet_inference	s1	16	16
753.1405	0:12:33	2558.28	32050.36	707.41	830.91	881.06	555.36	177.7	1352.65	d2	m6anet_inference	s1	32	16
790.9163	0:13:10	2576.35	32875.85	733.15	877.77	643.8	595.36	378.07	2965.5	d4	m6anet_inference	s1	16	16
74.9712	0:01:14	4306.1	81774.87	557.38	641.81	301.51	20	702.77	512.89	a1	m6anet_inference	s1	32	32
160.9601	0:02:40	4230.63	75136.18	634.8	717.64	239.48	44.02	372.76	599.18	b1	m6anet_inference	s1	32	32
410.6982	0:06:50	4597.13	75201.6	884.41	965.46	384.73	112.04	357.85	1483.29	c1	m6anet_inference	s1	32	32
1827.7491	0:30:27	5568.41	147940.53	998.8	1089.79	916.34	627.71	373.29	6800.83	d1	m6anet_inference	s1	32	32
14.2992	0:00:14	772.34	9475.98	220.13	316.86	0	19.99	205.49	30.73	a7	m6anet_inference	s2	32	4
15.6591	0:00:15	765.93	9554.6	238.15	303.43	20.81	24.51	207.06	33.37	a8	m6anet_inference	s2	16	4
15.8426	0:00:15	763.05	9562.25	169.3	292.95	2.28	19.99	187.33	30.83	a9	m6anet_inference	s2	8	4
17.8161	0:00:17	789.42	9505.08	237.98	326.42	83.29	23.99	178.81	32.31	a0	m6anet_inference	s2	4	4
28.6038	0:00:28	763.48	9559.95	133.89	278.23	38.44	27.99	150.94	43.85	b8	m6anet_inference	s2	16	4
38.2127	0:00:38	760.32	9560.05	180.66	299.29	276.64	20	85.07	33.36	b9	m6anet_inference	s2	8	4
39.3216	0:00:39	757.41	9487.98	146	272.41	137.27	19.99	75.32	30.51	b0	m6anet_inference	s2	4	4
72.3307	0:01:12	779.74	9567.66	130.75	274.03	72.72	27.99	75.14	54.67	b7	m6anet_inference	s2	32	4
76.8355	0:01:16	773.07	9568.41	205.96	337.85	165.14	71.99	155.32	119.98	c8	m6anet_inference	s2	16	4
80.8661	0:01:20	755.51	9568.95	158.83	288.64	373.45	107.94	206.78	168.1	c9	m6anet_inference	s2	8	4
89.6627	0:01:29	768.2	9495.26	273.16	379	701.09	95.96	167.78	151.5	c7	m6anet_inference	s2	32	4
93.9827	0:01:33	751.69	9485.41	215.48	307.82	132.15	59.98	95.43	90.55	c0	m6anet_inference	s2	4	4
290.3898	0:04:50	807.33	9507.7	292.69	409.41	1096.6	367.64	184.26	535.46	d7	m6anet_inference	s2	32	4
276.7263	0:04:36	811.2	9594.4	320.05	415.47	778.66	295.76	180.42	500.48	d8	m6anet_inference	s2	16	4
209.2276	0:03:29	825.3	9594.23	301.45	407.48	653.51	295.77	196.14	410.96	d9	m6anet_inference	s2	8	4
227.8733	0:03:47	828.59	9508.09	327.27	429.34	533.12	374.09	197.2	450.38	d0	m6anet_inference	s2	4	4
15.0408	0:00:15	1244.4	16824	272.81	361.87	0	19.99	263.85	40.66	a3	m6anet_inference	s2	32	8
19.3349	0:00:19	1249.06	17127.29	249.98	348.73	1.64	19.99	257.03	52.07	a5	m6anet_inference	s2	16	8
22.0185	0:00:22	1228.44	17067.03	248.91	341.36	0	19.99	217.4	48.9	a6	m6anet_inference	s2	8	8
36.6784	0:00:36	1273.04	17124.83	211.84	328.08	57.54	23.99	130.92	47.3	b3	m6anet_inference	s2	32	8
38.0765	0:00:38	1285.72	17125.04	189.76	318.2	371.98	23.99	101.71	39.43	b5	m6anet_inference	s2	16	8
47.7565	0:00:47	1288.67	17135.49	253.45	353.19	248.66	20	90.91	45.01	b6	m6anet_inference	s2	8	8
85.718	0:01:25	1267.05	17014.8	255.24	357.16	350.55	103.95	256.45	220.44	c3	m6anet_inference	s2	32	8
86.6124	0:01:26	1265.95	17270.2	225.71	333.89	409.59	103.96	295.89	257.23	c5	m6anet_inference	s2	16	8
140.5599	0:02:20	1256.08	16949.52	275.57	376.85	487.65	111.98	234.96	332.39	c6	m6anet_inference	s2	8	8
270.8476	0:04:30	1354.38	16730.36	414.89	506.89	948.93	355.65	247.22	670.87	d3	m6anet_inference	s2	32	8
324.4004	0:05:24	1372.3	17318.14	438.68	532.27	790.48	295.75	215.71	699.58	d5	m6anet_inference	s2	16	8
533.2342	0:08:53	1338.3	17246.6	383.61	514.63	456.71	339.77	377.56	1898.93	d6	m6anet_inference	s2	8	8
25.4152	0:00:25	2249.24	32446.56	406.66	495.55	1.18	19.99	163.28	44.68	a2	m6anet_inference	s2	32	16
31.8575	0:00:31	2326.96	32124.14	395.55	496.03	0	16	269.4	86.93	a4	m6anet_inference	s2	16	16
66.5773	0:01:06	2358.46	32451.66	328.31	448.8	203.78	16	68.02	47.03	b2	m6anet_inference	s2	32	16
93.1922	0:01:33	2325.7	32713.38	349.31	460	239.02	40.01	519.09	487.12	b4	m6anet_inference	s2	16	16
140.5455	0:02:20	2297.96	32740.16	422.08	505.71	423.32	88	230.66	309.63	c2	m6anet_inference	s2	32	16
206.6695	0:03:26	2297.27	32732.82	367.08	476.91	312.24	99.96	188.69	459.74	c4	m6anet_inference	s2	16	16
437.6516	0:07:17	2537.86	32470.59	473.92	566.57	924.11	347.67	215.04	937.45	d2	m6anet_inference	s2	32	16
402.3937	0:06:42	2511.74	32798.89	467.88	572.15	857.32	347.7	366.4	1484.9	d4	m6anet_inference	s2	16	16
74.6648	0:01:14	4261.31	81767.59	516.75	612.5	0	8	291.48	204.39	a1	m6anet_inference	s2	32	32
155.5405	0:02:35	4413.97	75141.44	587.75	675.55	339.11	28	241.13	367.68	b1	m6anet_inference	s2	32	32
372.3135	0:06:12	4293.72	75201.08	575.13	660.83	337.1	84.04	294.85	1113.42	c1	m6anet_inference	s2	32	32
1164.4942	0:19:24	5694.38	165887.48	761.47	853.13	761.15	363.98	355.34	4111.36	d1	m6anet_inference	s2	32	32
29.5699	0:00:29	2425.81	2687.11	2424.05	2424.31	0	6.18	172.32	51.55	a9	minimap	deac	8	4
36.1745	0:00:36	2381.46	2687.11	2379.07	2379.49	0	6.18	121.24	44.37	a8	minimap	deac	16	4
36.6229	0:00:36	2371.33	2687.11	2370.37	2370.92	1722.12	6.18	104.42	38.75	a0	minimap	deac	4	4
42.1301	0:00:42	2366.06	2687.11	2363.76	2364.18	1460.21	6.18	105.14	44.69	a7	minimap	deac	32	4
54.4404	0:00:54	2985.93	3145.11	2983.86	2984.27	1460.21	6.18	307.22	167.34	b7	minimap	deac	32	4
57.1818	0:00:57	2972.73	3145.11	2970.7	2971.11	1460.21	6.18	305.53	174.66	b8	minimap	deac	16	4
65.6394	0:01:05	2870.34	3145.11	2868.51	2868.95	0	6.18	237.38	156.37	b9	minimap	deac	8	4
70.9177	0:01:10	2867.7	3145.11	2865.41	2866.38	532.1	6.18	220.83	157.1	b0	minimap	deac	4	4
125.4676	0:02:05	3877.67	4140.38	3875.66	3876.04	1460.21	6.18	316.4	397.57	c7	minimap	deac	32	4
128.1454	0:02:08	3842.98	4076.38	3841.04	3841.43	0	6.18	304.42	390.67	c9	minimap	deac	8	4
128.6894	0:02:08	3837.72	4076.38	3835.71	3836.68	2533.96	6.18	296.9	382.57	c0	minimap	deac	4	4
133.2556	0:02:13	3839.24	4140.38	3836.97	3837.35	979.75	6.18	296.28	394.78	c8	minimap	deac	16	4
300.2326	0:05:00	5445.55	5673.7	5443.08	5443.5	0	2398.42	377.39	1133.65	d7	minimap	deac	32	4
277.6865	0:04:37	5439.68	5673.7	5437.26	5437.7	1460.21	2398.42	366.58	1018.47	d8	minimap	deac	16	4
289.0189	0:04:49	5439.82	5673.7	5437.65	5437.95	2453.43	2421.58	375.77	1086.61	d9	minimap	deac	8	4
321.3993	0:05:21	5452	5673.7	5450.98	5451.53	2874.85	2398.42	370.04	1189.87	d0	minimap	deac	4	4
18.2227	0:00:18	2551.11	2887.12	2548.9	2549.32	0	6.18	453.95	83.26	a3	minimap	deac	32	8
20.2803	0:00:20	2536.83	2951.12	2535.17	2535.61	1460.25	6.18	426.87	87.58	a5	minimap	deac	16	8
26.0253	0:00:26	2446.96	2951.12	2445.93	2446.4	1721.66	6.18	292	76.48	a6	minimap	deac	8	8
42.0987	0:00:42	2713.79	3153.12	2711.45	2711.86	243.4	6.18	210.1	88.73	b3	minimap	deac	32	8
47.6442	0:00:47	3047.97	3649.12	3046.03	3046.47	1460.25	479.57	585.5	279.35	b5	minimap	deac	16	8
46.3678	0:00:46	2641.82	3089.12	2641.11	2641.66	1991.74	6.18	128.38	60.04	b6	minimap	deac	8	8
72.5283	0:01:12	3668.48	4084.39	3666.8	3667.19	1459.22	6.18	411.22	298.5	c3	minimap	deac	32	8
58.0451	0:00:58	3861.93	4084.39	3860.43	3860.84	0	6.18	541.06	314.6	c5	minimap	deac	16	8
77.3966	0:01:17	3585.48	4148.39	3584.94	3585.4	2534.22	6.18	365.31	283.05	c6	minimap	deac	8	8
158.0231	0:02:38	5489.04	5937.71	5486.57	5486.99	1460.21	1201.55	651.69	1030.38	d3	minimap	deac	32	8
138.5254	0:02:18	5494.93	5921.83	5492.42	5492.8	2218.82	2538.66	720.2	998.18	d5	minimap	deac	16	8
158.1945	0:02:38	5509.73	5887.53	5507.96	5508.77	2874.65	1201.55	561.27	888.37	d6	minimap	deac	8	8
17.771	0:00:17	2613.52	3415.16	2611.62	2612.06	1459.22	244.86	746.82	133.37	a2	minimap	deac	32	16
23.4263	0:00:23	2498.43	3415.16	2497.4	2497.87	1721.66	6.18	379.5	89.49	a4	minimap	deac	16	16
27.5895	0:00:27	2829.56	3617.16	2827.57	2827.98	0	6.18	485.35	134.51	b2	minimap	deac	32	16
26.8446	0:00:26	2787.12	3617.16	2786.24	2786.78	1991.74	6.18	327.81	88.45	b4	minimap	deac	16	16
37.6823	0:00:37	3344.66	4084.41	3342.71	3343.15	1460.25	6.18	348.56	132.1	c2	minimap	deac	32	16
38.3128	0:00:38	3334.89	4084.41	3334.11	3334.65	2534.73	6.18	334.55	128.59	c4	minimap	deac	16	16
90.4495	0:01:30	5529.03	6449.86	5526.96	5527.34	0	1201.55	1180.87	1068.7	d2	minimap	deac	32	16
96.5659	0:01:36	5565.84	6415.56	5564.77	5565.32	4336.55	1201.55	828.7	800.49	d4	minimap	deac	16	16
11.506	0:00:11	2669.04	4471.22	2668.02	2668.56	1722.16	221.24	879.93	101.93	a1	minimap	deac	32	32
21.8635	0:00:21	3067.32	4673.22	3066.49	3067.04	1990.78	6.18	938.78	205.51	b1	minimap	deac	32	32
33.1654	0:00:33	3425.67	5140.48	3424.78	3425.33	2533.7	6.18	494.74	164.32	c1	minimap	deac	32	32
81.9538	0:01:21	5677.15	6397.57	5676.12	5676.68	4336.56	2114.17	1538.99	1261.9	d1	minimap	deac	32	32
38.2003	0:00:38	2461.82	2735.11	2459.92	2460.22	0	6.18	122.07	47.17	a9	minimap	s1	8	4
44.0022	0:00:44	2444.81	2735.11	2442.6	2443.02	1459.2	6.18	101.3	45.2	a8	minimap	s1	16	4
45.1679	0:00:45	2437.69	2735.11	2436.8	2437.35	315.01	6.18	95.14	43.5	a0	minimap	s1	4	4
48.3734	0:00:48	2658.15	2927.11	2656.02	2656.33	0	206.42	327.71	158.95	a7	minimap	s1	32	4
67.5492	0:01:07	3062.73	3273.11	3060.57	3060.98	0	6.18	245.86	166.58	b7	minimap	s1	32	4
75.5398	0:01:15	3029.83	3273.11	3027.67	3028.09	0	6.18	226.99	171.5	b8	minimap	s1	16	4
83.5807	0:01:23	3235.07	3481.12	3233.33	3233.77	0	6.18	331.05	277.21	b9	minimap	s1	8	4
88.6132	0:01:28	3201.76	3481.12	3199.55	3200.47	638.82	6.18	309.91	275.15	b0	minimap	s1	4	4
149.0124	0:02:29	4368.16	4555.43	4366.46	4366.9	1459.96	6.18	343.86	512.9	c9	minimap	s1	8	4
164.5246	0:02:44	4260.27	4555.43	4258.81	4259.62	1291.07	6.18	307.69	506.76	c0	minimap	s1	4	4
166.036	0:02:46	4237.12	4427.43	4234.93	4235.33	480.35	6.18	299.36	496.73	c8	minimap	s1	16	4
177.5084	0:02:57	4342.88	4507.54	4340.82	4341.13	0	65.07	355.03	630.75	c7	minimap	s1	32	4
614.8397	0:10:14	5493.35	5669.11	5491.48	5491.92	0	3530.27	382.17	2350.25	d7	minimap	s1	32	4
560.0229	0:09:20	5511.34	5693.14	5509.38	5509.81	0	4690.1	393.16	2202.32	d8	minimap	s1	16	4
521.8138	0:08:41	5473.17	5605.11	5471.24	5471.5	0	3530.27	372.66	1945.17	d9	minimap	s1	8	4
596.1907	0:09:56	5483.89	5581.14	5482.88	5483.42	4924.11	4135.34	382.74	2282.4	d0	minimap	s1	4	4
22.9773	0:00:22	2608.04	2951.12	2605.8	2606.22	0	6.18	390.42	90.21	a3	minimap	s1	32	8
30.1096	0:00:30	2488	2935.12	2486.1	2486.57	0	6.18	177.74	54.12	a5	minimap	s1	16	8
30.8877	0:00:30	2504.26	2935.12	2503.18	2503.65	315.01	6.18	246.82	76.74	a6	minimap	s1	8	8
48.7678	0:00:48	3273.52	3713.12	3271.44	3271.72	150	542.71	618.94	301.88	b3	minimap	s1	32	8
58.8328	0:00:58	3177.09	3729.12	3175.26	3175.7	0	6.18	503.49	296.73	b5	minimap	s1	16	8
58.3754	0:00:58	3188.21	3729.12	3187.26	3187.81	638.82	6.18	511.67	299.28	b6	minimap	s1	8	8
89.5941	0:01:29	4348.66	4835.45	4346.46	4346.86	0	6.18	590.35	529.02	c3	minimap	s1	32	8
76.2165	0:01:16	3980.44	4307.45	3979.15	3979.55	0	6.18	403.52	308.09	c5	minimap	s1	16	8
102.5002	0:01:42	4213.39	4515.45	4212.53	4212.99	1291.07	6.18	499.99	513.06	c6	minimap	s1	8	8
310.823	0:05:10	5586.49	5869.12	5584.39	5584.8	0	3530.27	725.64	2256	d3	minimap	s1	32	8
250.7873	0:04:10	5573.66	5819.38	5571.72	5572.16	10.5	3530.27	701.77	1760.52	d5	minimap	s1	16	8
270.0535	0:04:30	5679.7	5869.12	5677.78	5678.59	4924.11	3530.27	684.23	1848.25	d6	minimap	s1	8	8
20.6455	0:00:20	2718.68	3479.16	2716.75	2717.22	0	6.18	728.25	150.88	a2	minimap	s1	32	16
24.5167	0:00:24	2639.5	3479.16	2638.58	2639.04	315.01	6.18	429.9	106.04	a4	minimap	s1	16	16
32.1147	0:00:32	2991.47	3745.16	2989.45	2989.86	0	6.18	438.91	141.55	b2	minimap	s1	32	16
33.1161	0:00:33	2919.57	3745.16	2918.71	2919.25	638.82	6.18	256.71	85.33	b4	minimap	s1	16	16
45.5335	0:00:45	3494.61	4291.47	3492.98	3493.28	0	6.18	232.63	106.58	c2	minimap	s1	32	16
50.6939	0:00:50	4549.12	5299.59	4548.23	4548.78	1291.07	380.25	1142.21	579.64	c4	minimap	s1	16	16
161.9915	0:02:41	5761.37	6409.62	5759.21	5759.62	0	3530.27	1256.37	2035.73	d2	minimap	s1	32	16
159.5564	0:02:39	5785.8	6371.42	5784.77	5785.31	4924.11	3530.26	1106.7	1766.3	d4	minimap	s1	16	16
12.3564	0:00:12	2859.81	4551.22	2858.79	2859.34	315.01	224.64	1123.95	139.54	a1	minimap	s1	32	32
25.1114	0:00:25	3232.14	4801.22	3232.76	3233.31	638.82	6.18	849.3	213.46	b1	minimap	s1	32	32
43.5578	0:00:43	3496.78	5331.53	3497.88	3498.43	1291.07	6.18	219.28	96.03	c1	minimap	s1	32	32
120.6829	0:02:00	6101.26	6701.25	6100.29	6100.84	4924.11	3530.26	1905.45	2300.01	d1	minimap	s1	32	32
36.9858	0:00:36	2446.8	2735.11	2444.88	2445.13	0	6.18	126.02	47.15	a9	minimap	s2	8	4
42.802	0:00:42	2431.15	2735.11	2429	2429.42	0	6.18	111.9	48.53	a8	minimap	s2	16	4
45.7013	0:00:45	2411.02	2735.11	2408.71	2409.12	0	6.18	91.26	41.97	a7	minimap	s2	32	4
46.2086	0:00:46	2413.45	2671.11	2412.53	2413.07	306.63	6.18	86.02	40.31	a0	minimap	s2	4	4
66.807	0:01:06	3046.2	3273.11	3044.25	3044.66	0	6.18	250.85	167.98	b7	minimap	s2	32	4
73.778	0:01:13	3010.73	3209.11	3008.56	3008.98	0	6.18	230.11	170.08	b8	minimap	s2	16	4
84.6065	0:01:24	3209.71	3553.12	3207.94	3208.38	1460.21	6.18	328.82	278.75	b9	minimap	s2	8	4
85.448	0:01:25	3209.7	3489.12	3207.43	3208.35	622.45	6.18	325.33	278.52	b0	minimap	s2	4	4
143.2258	0:02:23	4336.81	4508.02	4334.54	4334.95	0	376.45	362.14	519.15	c8	minimap	s2	16	4
151.495	0:02:31	4317.38	4563.91	4315.72	4315.95	0	6.18	332.55	504.39	c9	minimap	s2	8	4
154.9825	0:02:34	4274.89	4539.9	4272.8	4273.21	0	6.18	332.22	515.34	c7	minimap	s2	32	4
162.8533	0:02:42	4228.5	4539.9	4226.6	4227	1258.57	6.18	311.21	507.35	c0	minimap	s2	4	4
367.228	0:06:07	5365.46	5554.55	5363.02	5363.44	1459.12	2356.99	374.58	1376.13	d7	minimap	s2	32	4
381.0315	0:06:21	5378.18	5618.55	5375.86	5376.24	0	2408.41	389.83	1485.91	d8	minimap	s2	16	4
335.812	0:05:35	5391.55	5554.55	5389.44	5389.74	0	2356.99	374.73	1259.02	d9	minimap	s2	8	4
389.2381	0:06:29	5389.89	5531.88	5388.81	5389.36	3147.26	2356.99	369.26	1437.8	d0	minimap	s2	4	4
22.2197	0:00:22	2589.81	2999.12	2587.63	2588.04	1460.25	6.18	400.94	89.57	a3	minimap	s2	32	8
23.803	0:00:23	2562.26	2935.12	2560.49	2560.93	0	6.18	353.02	84.64	a5	minimap	s2	16	8
29.6267	0:00:29	2499.21	2935.12	2498.29	2498.75	306.63	6.18	232.53	69.42	a6	minimap	s2	8	8
47.0931	0:00:47	2799.98	3201.12	2797.71	2798.13	1065.7	6.18	171.25	81.12	b3	minimap	s2	32	8
56.0294	0:00:56	3213.32	3753.13	3211.55	3211.99	0	6.18	543.81	305.26	b5	minimap	s2	16	8
56.788	0:00:56	3200.33	3753.13	3199.69	3200.24	622.45	6.18	528.46	300.73	b6	minimap	s2	8	8
97.0115	0:01:37	4253.68	4819.92	4251.81	4252.22	0	6.18	549.78	533.39	c3	minimap	s2	32	8
73.8755	0:01:13	3998.46	4291.91	3996.96	3997.4	1459.96	6.18	416.76	308.03	c5	minimap	s2	16	8
94.6814	0:01:34	4274.04	4819.92	4273.1	4273.56	1258.57	6.18	547.62	519.03	c6	minimap	s2	8	8
194.508	0:03:14	5441.34	5818.57	5438.84	5439.26	0	2356.99	656.53	1277.59	d3	minimap	s2	32	8
166.52	0:02:46	5462.61	5786.68	5460.68	5461.12	1464.46	2356.99	609.9	1016.15	d5	minimap	s2	16	8
190.2303	0:03:10	5458.66	5731.9	5456.72	5457.54	3147.26	2356.99	580.57	1104.86	d6	minimap	s2	8	8
20.7079	0:00:20	2699.12	3479.16	2697.59	2698.03	0	6.18	727.65	151.22	a2	minimap	s2	32	16
22.8523	0:00:22	2627.45	3463.15	2626.61	2627.08	306.63	6.18	514.65	118.07	a4	minimap	s2	16	16
30.9973	0:00:30	2978.15	3745.16	2976.18	2976.62	1459.22	6.18	460.12	142.8	b2	minimap	s2	32	16
28.9844	0:00:28	3003.12	3745.16	3002.2	3002.75	622.45	6.18	460.21	133.71	b4	minimap	s2	16	16
43.8028	0:00:43	3560.9	4307.95	3558.92	3559.29	0	6.18	289.76	127.63	c2	minimap	s2	32	16
54.4436	0:00:54	4544.65	5300.06	4543.64	4544.18	1258.57	169.5	1033.23	563.08	c4	minimap	s2	16	16
106.3191	0:01:46	5560.49	6346.6	5558.55	5558.99	1460.21	1180.57	1009.33	1073.61	d2	minimap	s2	32	16
109.5158	0:01:49	5550.29	6259.93	5549.28	5549.82	3147.26	2375.17	1197.09	1311.59	d4	minimap	s2	16	16
17.3013	0:00:17	2837.42	4535.22	2836.41	2836.95	306.63	193.84	762.02	132.71	a1	minimap	s2	32	32
23.8975	0:00:23	3235.69	4801.22	3234.62	3235.17	622.45	6.18	939.23	224.74	b1	minimap	s2	32	32
41.2482	0:00:41	3519.99	5348	3519.21	3519.76	1258.57	6.18	220.79	91.42	c1	minimap	s2	32	32
86.6023	0:01:26	5853.77	6469.22	5852.77	5853.32	3147.26	1939.44	1599.18	1385.56	d1	minimap	s2	32	32
1481.8376	0:24:41	733.14	922.78	724.95	728.24	7293.63	17575.71	339.59	5032.27	a9	nanopolish_eventalign	deac	8	4
1539.7546	0:25:39	730.8	923.17	724.7	727.63	10924.74	17774.41	327.64	5044.12	a8	nanopolish_eventalign	deac	16	4
1638.6553	0:27:18	729.92	922.19	725.31	727.56	8546.98	17878.68	337.99	5539.02	a7	nanopolish_eventalign	deac	32	4
1755.5417	0:29:15	733.04	918.06	731.18	731.61	6309.75	17557.63	302.48	5310.1	a0	nanopolish_eventalign	deac	4	4
3064.097	0:51:04	760.66	944.72	754.43	756.42	25243.71	36682.89	308.17	9443.1	b7	nanopolish_eventalign	deac	32	4
3314.6771	0:55:14	762.68	945.09	754.27	757.02	23876.63	36628.39	313.44	10390.01	b8	nanopolish_eventalign	deac	16	4
3660.9101	1:01:00	762.74	950.52	754.34	757.78	22857.1	36782.83	315.86	11564.1	b0	nanopolish_eventalign	deac	4	4
3792.0591	1:03:12	759.07	945.13	758.72	758.79	53369.36	36663.01	295.67	11212.35	b9	nanopolish_eventalign	deac	8	4
7611.3282	2:06:51	815.53	995	812.26	812.46	41458.12	74900.93	306.75	23348.08	c0	nanopolish_eventalign	deac	4	4
15682.195	4:21:22	813.74	995.02	808.4	810.11	620377.25	75075.07	182.12	28560.91	c9	nanopolish_eventalign	deac	8	4
26971.8704	7:29:31	808.01	1000.8	806.2	806.76	1919965.98	75142.58	140.54	37905.73	c8	nanopolish_eventalign	deac	16	4
27751.1389	7:42:31	808.54	999.26	806.72	807.31	1715854.16	75137.09	127.55	35396.81	c7	nanopolish_eventalign	deac	32	4
176370.9807	2 days, 0:59:30	1002.52	1203.21	1000.76	1001.54	12859320.89	203082.36	66.4	117109.97	d7	nanopolish_eventalign	deac	32	4
169671.4065	1 day, 23:07:51	1002.54	1197.66	1000.73	1001.26	12595276.43	203086.35	81.73	138679.54	d8	nanopolish_eventalign	deac	16	4
174147.4096	2 days, 0:22:27	1003.8	1200.91	1003.4	1003.55	11768679.21	203081.53	69.08	120292.95	d9	nanopolish_eventalign	deac	8	4
73857.5826	20:30:57	1006.85	1195.51	1005.14	1005.69	6586979.62	203067.32	133.88	98881.64	d0	nanopolish_eventalign	deac	4	4
1018.4383	0:16:58	763.38	1179.71	754.98	757.81	11053.01	17677.39	538.91	5489	a3	nanopolish_eventalign	deac	32	8
1034.2097	0:17:14	765.06	1180.44	756.66	760.03	6174.32	17376.81	570.04	5895.54	a5	nanopolish_eventalign	deac	16	8
1072.8311	0:17:52	765.9	1185.99	763.78	764.25	6340.34	17806.83	534.43	5733.71	a6	nanopolish_eventalign	deac	8	8
2484.2742	0:41:24	797.45	1207.07	790	793.35	23631.1	36817.35	511.09	12697.37	b3	nanopolish_eventalign	deac	32	8
2721.4046	0:45:21	795.08	1212.11	793.12	793.46	24992.17	36838.19	529.9	14421.1	b5	nanopolish_eventalign	deac	16	8
2673.0584	0:44:33	798.39	1207.15	797.73	797.9	22370.47	36654.48	536.9	14351.73	b6	nanopolish_eventalign	deac	8	8
20636.4423	5:43:56	849.98	1256.57	846.83	847.86	1297804.89	75128.27	182.9	37744.81	c3	nanopolish_eventalign	deac	32	8
7775.2788	2:09:35	848.04	1259.3	846.07	846.3	319148.42	75050.77	378.32	29415.92	c5	nanopolish_eventalign	deac	16	8
6238.2099	1:43:58	851.15	1258.45	849.11	849.38	59578.84	75140.51	454.5	28352.93	c6	nanopolish_eventalign	deac	8	8
148902.9362	1 day, 17:21:42	1052.65	1461.79	1050.85	1051.74	10222535.49	203075.34	80.1	119279.33	d3	nanopolish_eventalign	deac	32	8
132421.9683	1 day, 12:47:01	1047.66	1457.69	1047.23	1047.27	10916842.55	203081.71	102.74	136046.7	d5	nanopolish_eventalign	deac	16	8
22690.0328	6:18:10	1056	1458.87	1054.11	1054.95	723741	203089.45	385.86	87552.36	d6	nanopolish_eventalign	deac	8	8
944.4546	0:15:44	829.59	1713.23	821.18	825.38	11312.59	17306.14	790.96	7470.61	a2	nanopolish_eventalign	deac	32	16
910.4946	0:15:10	825.34	1707.69	823.24	823.75	6688.34	17565.4	816.58	7435	a4	nanopolish_eventalign	deac	16	16
2157.5094	0:35:57	864.16	1734.78	862.27	863.08	29942.09	36717.1	762.59	16453.4	b2	nanopolish_eventalign	deac	32	16
1606.4924	0:26:46	863.39	1734.64	861.45	861.68	22729.09	36083.66	1034.93	16626.26	b4	nanopolish_eventalign	deac	16	16
9431.9057	2:37:11	906.83	1783.82	904.94	905.26	612245.72	74961.83	433.16	40855.76	c2	nanopolish_eventalign	deac	32	16
5714.4614	1:35:14	925.67	1787.36	923.66	923.9	52744.15	74868.31	559.11	31950.32	c4	nanopolish_eventalign	deac	16	16
125391.6412	1 day, 10:49:51	1131.36	1989.93	1130.98	1131.08	10628126.6	203046.46	98.94	124066.99	d2	nanopolish_eventalign	deac	32	16
18098.8519	5:01:38	1138.77	1986.04	1132.87	1135.82	516309.66	203022.02	701.22	126913.69	d4	nanopolish_eventalign	deac	16	16
999.375	0:16:39	945.59	2764.59	945.15	945.23	6046.12	17446.77	1320.23	13194.35	a1	nanopolish_eventalign	deac	32	32
2432.149	0:40:32	980.47	2788.7	980.47	980.47	22566.54	36666.78	881.28	21434.27	b1	nanopolish_eventalign	deac	32	32
5443.5591	1:30:43	1056.86	2840.48	1056.85	1056.85	61093.57	74874.84	802.21	43668.76	c1	nanopolish_eventalign	deac	32	32
98212.9033	1 day, 3:16:52	1290.23	3042.79	1290.23	1290.23	6393056.03	203082.2	124.44	122219.54	d1	nanopolish_eventalign	deac	32	32
1934.8823	0:32:14	1002.26	1176.66	1002.1	1002.17	11473.42	22815.36	320.05	6193.06	a8	nanopolish_eventalign	s1	16	4
1979.7247	0:32:59	995.19	1176.67	991.49	992.84	5806.52	22934.29	329.58	6525.2	a9	nanopolish_eventalign	s1	8	4
2175.462	0:36:15	999.24	1175.34	999.23	999.23	8083.28	22745.68	315.99	6874.73	a7	nanopolish_eventalign	s1	32	4
2204.1369	0:36:44	996.77	1168.79	994.9	995.14	7283.33	22785.86	306.06	6746.51	a0	nanopolish_eventalign	s1	4	4
3824.5736	1:03:44	1031.91	1198.52	1031.43	1031.53	48647.04	47005.43	305.82	11696.83	b7	nanopolish_eventalign	s1	32	4
4007.188	1:06:47	1034.42	1204.77	1033.9	1034.02	34554.51	47000.95	310.39	12437.82	b9	nanopolish_eventalign	s1	8	4
4305.848	1:11:45	1028.75	1198.91	1028.53	1028.54	50790.1	47028.52	301.71	12991.53	b8	nanopolish_eventalign	s1	16	4
4646.9758	1:17:26	1033.27	1204.18	1024.86	1028.3	23136.28	47300.97	312.27	14511.68	b0	nanopolish_eventalign	s1	4	4
9514.7179	2:38:34	1081.32	1253.75	1077.05	1077.62	41939.64	96236.33	307.03	29213.39	c0	nanopolish_eventalign	s1	4	4
27186.9445	7:33:06	1087.69	1249.41	1080.98	1082.84	1234508.4	96237.81	150.73	40978.2	c9	nanopolish_eventalign	s1	8	4
31060.6184	8:37:40	1075.88	1253.88	1075.5	1075.58	2064458.84	96260.42	137.85	42817.45	c7	nanopolish_eventalign	s1	32	4
32280.1604	8:58:00	1077.88	1249.26	1077.48	1077.55	2662742.44	96149.41	134.89	43544.66	c8	nanopolish_eventalign	s1	16	4
497393.3755	5 days, 18:09:53	1315.81	1487.45	1315.8	1315.8	19438033.8	373647.93	41.13	204575.37	d7	nanopolish_eventalign	s1	32	4
160101.1963	1 day, 20:28:21	1309.42	1484.53	1309.01	1309.03	22944921.56	373637.91	85.69	137140.22	d8	nanopolish_eventalign	s1	16	4
163782.0379	1 day, 21:29:42	1310.22	1488.28	1309.8	1309.82	27155607.56	373617.93	118.87	194682.91	d9	nanopolish_eventalign	s1	8	4
196984.3923	2 days, 6:43:04	1316.97	1492.65	1316.78	1316.82	22595662.93	373650.3	94.78	186698.64	d0	nanopolish_eventalign	s1	4	4
1073.83	0:17:53	1053.77	1432.3	1053.33	1053.41	10023.39	22949.12	558.65	5999.43	a3	nanopolish_eventalign	s1	32	8
1513.768	0:25:13	1047.42	1433.15	1045.45	1045.61	12769.5	22538.08	516.94	7825.79	a5	nanopolish_eventalign	s1	16	8
1367.6993	0:22:47	1052.5	1438.05	1050.39	1050.86	7283.96	22533.09	515.41	7049.79	a6	nanopolish_eventalign	s1	8	8
3036.8483	0:50:36	1082.83	1465.43	1082.05	1082.22	37058.04	47089.31	530.96	16125	b3	nanopolish_eventalign	s1	32	8
3273.6472	0:54:33	1089.21	1460.49	1087.25	1087.59	29046.38	47166	546.36	17886.41	b5	nanopolish_eventalign	s1	16	8
3349.0836	0:55:49	1089.36	1463.06	1088.61	1088.77	26058.24	46856.73	533.65	17873.03	b6	nanopolish_eventalign	s1	8	8
27594.2258	7:39:54	1139.36	1517.93	1138.56	1138.75	1845541.88	96128.13	171.56	47340.77	c3	nanopolish_eventalign	s1	32	8
6577.5037	1:49:37	1139.27	1512.33	1137.58	1137.69	112797.75	96099.14	485.23	31916.55	c5	nanopolish_eventalign	s1	16	8
9416.1978	2:36:56	1137.77	1515.39	1135.72	1136	132596.75	96078.7	405.11	38146.52	c6	nanopolish_eventalign	s1	8	8
272290.1073	3 days, 3:38:10	1376.02	1752.11	1376.02	1376.02	19568923.17	373662.88	77.22	210263.99	d3	nanopolish_eventalign	s1	32	8
229408.5674	2 days, 15:43:28	1379.75	1753.98	1379.71	1379.71	22744582.58	373662.21	107.2	245918.82	d5	nanopolish_eventalign	s1	16	8
98799.5055	1 day, 3:26:39	1382.97	1746.56	1377.62	1380.29	2728462.97	373640.3	213.34	210781.6	d6	nanopolish_eventalign	s1	8	8
1329.8658	0:22:09	1129.27	1967.5	1127.38	1128.2	13552.45	22659.87	755.83	10051.86	a2	nanopolish_eventalign	s1	32	16
1168.7138	0:19:28	1141.64	1960.64	1139.54	1140.05	7102.79	22833.52	792.04	9257.06	a4	nanopolish_eventalign	s1	16	16
2936.5852	0:48:56	1183.64	1987.54	1181.74	1182.55	29671.58	47265.89	726.81	21343.38	b2	nanopolish_eventalign	s1	32	16
2513.8205	0:41:53	1191.77	1991.06	1189.83	1190.06	25903.2	47240.17	891.21	22403.88	b4	nanopolish_eventalign	s1	16	16
5930.4559	1:38:50	1247.3	2038.53	1246.64	1246.77	96577.7	96219.72	755.91	44829.27	c2	nanopolish_eventalign	s1	32	16
12319.0663	3:25:19	1246.96	2037.46	1246.63	1246.75	123355.05	95775.45	308.91	38054.64	c4	nanopolish_eventalign	s1	16	16
216282.6735	2 days, 12:04:42	1502.8	2273.12	1502.79	1502.79	22876424.58	373650.08	104.44	225887.06	d2	nanopolish_eventalign	s1	32	16
99783.3382	1 day, 3:43:03	1505.87	2281.8	1500.53	1503.2	2920969.84	373614.12	286.34	285721.43	d4	nanopolish_eventalign	s1	16	16
1372.9333	0:22:52	1303.77	3015.8	1303.34	1303.42	7327.02	22988.73	1252.44	17195.52	a1	nanopolish_eventalign	s1	32	32
3016.3688	0:50:16	1378.66	3049.1	1378.65	1378.65	26835.21	46905.22	867.96	26181.38	b1	nanopolish_eventalign	s1	32	32
6748.7713	1:52:28	1458.24	3097.72	1458.24	1458.24	72796.66	96265.78	789.23	53263.69	c1	nanopolish_eventalign	s1	32	32
239849.6844	2 days, 18:37:29	1754.4	3327.26	1754.39	1754.39	21154918.65	373669.8	95.45	228930.17	d1	nanopolish_eventalign	s1	32	32
1776.0289	0:29:36	709.2	888.92	700.79	704.2	12358.9	21770.87	336.15	5957.67	a8	nanopolish_eventalign	s2	16	4
1792.8543	0:29:52	709.68	888.79	701.27	703.46	5272.62	22050.29	345.32	6191.58	a9	nanopolish_eventalign	s2	8	4
2066.1652	0:34:26	704.98	888.86	699.59	701.55	12249.38	22056.04	322.62	6666.36	a7	nanopolish_eventalign	s2	32	4
2119.0648	0:35:19	708.37	888.7	700.77	702.54	9296.64	22090.36	315.89	6694.3	a0	nanopolish_eventalign	s2	4	4
3772.4585	1:02:52	739.59	915.84	733.79	736.03	29701.43	45459.45	304.96	11505	b7	nanopolish_eventalign	s2	32	4
3970.5689	1:06:10	741.99	913.19	735.99	738.26	26314.23	45236.48	310.24	12318.73	b9	nanopolish_eventalign	s2	8	4
3972.1618	1:06:12	742.05	913.26	735.95	737.89	24160.59	45221.75	315.7	12540.7	b8	nanopolish_eventalign	s2	16	4
4332.4838	1:12:12	740.37	914.96	738.38	738.61	25699.7	45241.3	321	13907.41	b0	nanopolish_eventalign	s2	4	4
10127.277	2:48:47	792.09	961.99	790.15	790.26	75213.99	92421.8	285.77	28940.83	c0	nanopolish_eventalign	s2	4	4
15319.4321	4:15:19	798.87	971.12	793.47	794.79	542824.54	92550.18	208.24	31902.53	c9	nanopolish_eventalign	s2	8	4
29160.1088	8:06:00	793.77	965.68	791.96	792.74	2186948.64	92551.78	149	43448.92	c8	nanopolish_eventalign	s2	16	4
33744.2574	9:22:24	794.46	961.05	792.65	793.45	2178274.31	92578.4	125.71	42421.96	c7	nanopolish_eventalign	s2	32	4
144157.3666	1 day, 16:02:37	984.71	1150.75	982.91	983.5	11439910.96	234678.64	86.09	124100.19	d7	nanopolish_eventalign	s2	32	4
184090.0087	2 days, 3:08:10	984.83	1152.92	983.03	983.76	12787697.53	234678.39	81.99	150942.11	d8	nanopolish_eventalign	s2	16	4
150240.0494	1 day, 17:44:00	980.34	1143.55	978.53	979.43	10877056.23	234681.93	81.41	122315.98	d9	nanopolish_eventalign	s2	8	4
70393.969	19:33:13	985.68	1148.43	983.71	983.96	7614001.76	234660.65	151.05	106329.7	d0	nanopolish_eventalign	s2	4	4
1200.0079	0:20:00	755.13	1152.76	747.52	750.89	12262.75	21804.23	534.83	6418.65	a3	nanopolish_eventalign	s2	32	8
1172.8331	0:19:32	753.3	1151.78	745.68	748.73	7238.7	21778.98	624.39	7323.49	a5	nanopolish_eventalign	s2	16	8
1466.8229	0:24:26	750.8	1147.46	748.68	749.15	7145.81	21948.6	474.16	6955.44	a6	nanopolish_eventalign	s2	8	8
2926.739	0:48:46	790.31	1173.84	782.18	784.99	34173.45	45005.27	524.9	15362.99	b3	nanopolish_eventalign	s2	32	8
3196.5356	0:53:16	790.48	1173.61	783.14	786.2	25480.76	45050.96	534.95	17100.57	b5	nanopolish_eventalign	s2	16	8
3199.829	0:53:19	791.94	1179.62	790.04	790.38	25837.02	45461.47	539.82	17273.28	b6	nanopolish_eventalign	s2	8	8
29182.4776	8:06:22	852.5	1225.23	849.34	850.72	2022581.23	92535.39	157.54	45973.64	c3	nanopolish_eventalign	s2	32	8
7081.4037	1:58:01	854.02	1228.23	850.66	851.6	237979.58	92561.73	445.88	31575.38	c5	nanopolish_eventalign	s2	16	8
8148.0591	2:15:48	849.95	1223.37	847.9	848.17	83382.68	92461.66	427.39	34824	c6	nanopolish_eventalign	s2	8	8
114467.2949	1 day, 7:47:47	1042.92	1411.91	1041.31	1041.9	8899633.99	234679.1	113.6	130039.51	d3	nanopolish_eventalign	s2	32	8
101498.0987	1 day, 4:11:38	1042.2	1408.05	1040.39	1041.23	8919784.11	234646.2	141.18	143296.84	d5	nanopolish_eventalign	s2	16	8
93079.3618	1 day, 1:51:19	1037.88	1413.14	1037.49	1037.6	2063613.41	234663.3	126.57	117811.96	d6	nanopolish_eventalign	s2	8	8
1193.3401	0:19:53	840.08	1674.22	832.56	836.32	7250.57	21984.3	817.61	9757.56	a2	nanopolish_eventalign	s2	32	16
1056.5168	0:17:36	848.27	1675.66	846.17	846.68	7001.24	21661.8	832.22	8792.8	a4	nanopolish_eventalign	s2	16	16
2625.6681	0:43:45	889.67	1708.44	882.15	884.63	25771.73	45027.39	761.8	20002.82	b2	nanopolish_eventalign	s2	32	16
2257.1925	0:37:37	889.77	1700.73	887.82	888.06	25217.43	45052.12	939.88	21215.41	b4	nanopolish_eventalign	s2	16	16
8754.5962	2:25:54	959.15	1757.05	955.86	956.9	247743.77	92328.64	539.68	47246.89	c2	nanopolish_eventalign	s2	32	16
4831.539	1:20:31	956.57	1750.93	956.21	956.31	67940.38	92442.28	763.56	36891.98	c4	nanopolish_eventalign	s2	16	16
95574.0943	1 day, 2:32:54	1162	1943.91	1160.2	1161.1	7999902.62	234641.3	142.12	135831.84	d2	nanopolish_eventalign	s2	32	16
36534.2557	10:08:54	1161.01	1933.79	1159.23	1160.13	1174114.93	234607.05	408.23	149142.69	d4	nanopolish_eventalign	s2	16	16
1215.8895	0:20:15	992.96	2734.04	992.53	992.61	7143.7	21547.24	1325.55	16117.78	a1	nanopolish_eventalign	s2	32	32
3063.1414	0:51:03	1074.34	2757.21	1074.33	1074.33	26113.69	45249.46	823.69	25231.41	b1	nanopolish_eventalign	s2	32	32
7138.7538	1:58:58	1160.14	2807.83	1160.13	1160.13	68821.79	92582.24	713.12	50908.25	c1	nanopolish_eventalign	s2	32	32
65174.0174	18:06:14	1395.93	2996.76	1395.92	1395.92	7195999.36	234669.33	208.77	136061.21	d1	nanopolish_eventalign	s2	32	32
8786.0719	2:26:26	612.48	630.23	605.1	607.61	441.11	91.7	88.55	7780.8	b7	nanopolish_index	deac	32	4
9046.9064	2:30:46	611.44	632.45	607.23	607.96	0.25	45.17	99.45	8997.57	a9	nanopolish_index	deac	8	4
9217.3892	2:33:37	610.53	631.55	606.4	607.13	473.65	91.7	86.11	7937.8	b8	nanopolish_index	deac	16	4
9503.8147	2:38:23	611.69	632.44	607.35	608.81	440.83	45.17	91.68	8714.53	a8	nanopolish_index	deac	16	4
9943.3499	2:45:43	608.25	628.96	603.88	604.6	329.53	185.38	92.94	9241.35	c9	nanopolish_index	deac	8	4
9945.0837	2:45:45	608.19	629.15	604	605.45	472.02	185.38	85.59	8512.01	c8	nanopolish_index	deac	16	4
10231.1085	2:50:31	611.93	632.21	607.13	608.62	440.16	385.43	89.56	9163.39	b9	nanopolish_index	deac	8	4
11170.3377	3:06:10	614.86	632.63	607.47	610.69	470.42	45.17	93.58	10453.66	a0	nanopolish_index	deac	4	4
11170.359	3:06:10	611.33	629.15	604	605.56	458	185.38	93.06	10395.82	c0	nanopolish_index	deac	4	4
11185.0706	3:06:25	613.67	631.37	606.28	607.84	89.85	91.7	97.03	10853.42	b0	nanopolish_index	deac	4	4
11458.7679	3:10:58	609.51	629.8	604.72	606.4	473.77	433.59	92.56	10607.84	c7	nanopolish_index	deac	32	4
11670.7646	3:14:30	614.8	632.63	607.54	610.04	472.86	45.17	92.74	10824.34	a7	nanopolish_index	deac	32	4
11868.1955	3:17:48	567.73	588.58	563.37	564.84	440.79	496.55	94	11157.08	d7	nanopolish_index	deac	32	4
10759.2608	2:59:19	567.67	588.59	563.36	564.79	474.23	496.55	92.52	9954.71	d8	nanopolish_index	deac	16	4
9642.2012	2:40:42	567.73	588.59	563.43	564.16	112.91	496.55	97.01	9354.56	d9	nanopolish_index	deac	8	4
11629.6795	3:13:49	570.71	588.58	563.42	566.62	438.16	496.55	94.88	11034.93	d0	nanopolish_index	deac	4	4
10733.0207	2:58:53	613.34	631.3	606.16	608.58	439.44	45.17	70.76	7595.13	a3	nanopolish_index	deac	32	8
11140.5259	3:05:40	615.07	632.63	607.48	609.54	470.16	45.17	79.44	8851.24	a5	nanopolish_index	deac	16	8
12193.0321	3:23:13	614.8	632.62	607.48	610.71	470.16	45.17	84.13	10257.92	a6	nanopolish_index	deac	8	8
12395.1602	3:26:35	613.66	631.55	606.43	608.94	440.16	91.7	86.51	10724.29	b3	nanopolish_index	deac	32	8
14699.4555	4:04:59	614.32	632.2	607.12	609.23	470.36	298.91	85.35	12546.68	b5	nanopolish_index	deac	16	8
14608.2241	4:03:28	614.56	632.2	607.12	610.71	470.16	307	85.43	12479.26	b6	nanopolish_index	deac	8	8
12883.4359	3:34:43	611.28	628.96	603.88	606.38	473.75	185.38	84.15	10842.48	c3	nanopolish_index	deac	32	8
11037.569	3:03:57	610.29	628.02	602.87	604.95	439.44	185.38	77.04	8504.44	c5	nanopolish_index	deac	16	8
12263.2096	3:24:23	611.16	628.96	603.75	606.78	470.16	185.38	85.32	10463.89	c6	nanopolish_index	deac	8	8
11929.2353	3:18:49	567.62	588.58	563.37	564.84	471.81	496.55	93.91	11204.06	d3	nanopolish_index	deac	32	8
10267.3023	2:51:07	567.86	588.58	563.49	564.94	444.4	496.55	93.11	9560.75	d5	nanopolish_index	deac	16	8
9841.1185	2:44:01	568.43	588.71	563.99	565.47	49.02	524.91	98.95	9737.71	d6	nanopolish_index	deac	8	8
12130.1542	3:22:10	614.51	632.43	607.35	609.86	450.48	45.17	84.97	10308.63	a2	nanopolish_index	deac	32	16
14235.0785	3:57:15	614.72	632.44	607.35	611.01	470.16	45.17	87.59	12468.77	a4	nanopolish_index	deac	16	16
14701.9251	4:05:01	613.38	631.37	606.16	609.57	440.16	91.7	88.49	13010.58	b2	nanopolish_index	deac	32	16
9999.1679	2:46:39	613.87	631.55	606.41	609.5	470.16	91.7	79.84	7984.54	b4	nanopolish_index	deac	16	16
10369.3781	2:52:49	610.14	628.02	602.89	605	469.7	185.38	75.16	7793.92	c2	nanopolish_index	deac	32	16
8937.4068	2:28:57	610.45	628.02	602.88	605.89	469.44	185.38	88.48	7908.12	c4	nanopolish_index	deac	16	16
11481.5761	3:11:21	567.37	588.15	563.06	564.53	440.7	496.55	93.75	10764.97	d2	nanopolish_index	deac	32	16
8541.8413	2:22:21	567.32	588.16	563.07	564.16	425.16	496.55	90.79	7755.11	d4	nanopolish_index	deac	16	16
10603.9674	2:56:43	614.64	632.44	607.24	610.88	471.92	45.17	72.16	7652.25	a1	nanopolish_index	deac	32	32
12245.2843	3:24:05	614.56	632.2	607.15	610.94	440.16	299.9	87.32	10693.02	b1	nanopolish_index	deac	32	32
12314.8588	3:25:14	611.16	628.96	603.81	606.31	473.75	185.38	83.67	10305.67	c1	nanopolish_index	deac	32	32
12152.9359	3:22:32	567.86	588.58	563.49	565.69	445.93	496.55	90.79	11034.14	d1	nanopolish_index	deac	32	32
12312.3329	3:25:12	863.87	884.87	863.96	863.99	613.67	108.45	90.45	11136.59	b7	nanopolish_index	s1	32	4
12921.5714	3:35:21	865.07	885.83	860.75	862.87	0.46	53.48	99.61	12870.74	a9	nanopolish_index	s1	8	4
13235.7359	3:40:35	865.22	885.52	860.43	862.67	613.83	521.27	88.59	11726.61	b8	nanopolish_index	s1	16	4
13509.2182	3:45:09	861	885.64	861.06	861.08	646.85	53.48	92.96	12559.69	a8	nanopolish_index	s1	16	4
14238.9256	3:57:18	859.33	883.07	858.23	858.54	638.13	287.39	88.89	12657.61	c8	nanopolish_index	s1	16	4
14267.8968	3:57:47	861.51	882.42	857.26	858.35	598.66	219.08	92.53	13203.13	c9	nanopolish_index	s1	8	4
14544.8475	4:02:24	860.32	884.68	860.23	860.24	613.9	108.45	90.99	13234.75	b9	nanopolish_index	s1	8	4
15776.2217	4:22:56	864.57	885.41	864.49	864.51	612.98	53.48	92.95	14665.13	a7	nanopolish_index	s1	32	4
16030.3603	4:27:10	868.82	886.47	867.18	867.42	613.44	150.61	92.8	14876.84	a0	nanopolish_index	s1	4	4
16036.7834	4:27:16	864.55	882.41	857.25	860.32	546.5	219.08	92.25	14794.14	c0	nanopolish_index	s1	4	4
16053.9623	4:27:33	865.88	883.81	858.65	861.71	128.39	108.45	96.33	15464.51	b0	nanopolish_index	s1	4	4
16614.194	4:36:54	857.92	882.23	857.1	857.4	613.83	219.08	92.89	15434.61	c7	nanopolish_index	s1	32	4
17757.2575	4:55:57	798.46	822.86	797.67	797.97	613.56	837.45	93.82	16661.32	d7	nanopolish_index	s1	32	4
14781.0025	4:06:21	798.47	822.87	797.81	798.04	640.4	837.45	94.07	13904.73	d8	nanopolish_index	s1	16	4
13856.7192	3:50:56	802.06	822.87	797.65	798.74	215.8	837.45	97.44	13501.78	d9	nanopolish_index	s1	8	4
16687.7094	4:38:07	805.05	822.87	803.36	803.67	612.87	837.45	94.42	15755.91	d0	nanopolish_index	s1	4	4
14700.0898	4:05:00	868.76	886.47	868.36	868.44	624.18	466.3	74.94	11016.68	a3	nanopolish_index	s1	32	8
15029.1366	4:10:29	867.84	885.64	860.48	863.46	613.43	53.48	83.74	12585.78	a5	nanopolish_index	s1	16	8
16614.8371	4:36:54	868.77	886.46	867.11	867.57	613.43	53.48	88.11	14640.29	a6	nanopolish_index	s1	8	8
16711.4244	4:38:31	860.82	883.8	860.19	860.34	628.13	108.45	88.08	14720.08	b3	nanopolish_index	s1	32	8
20402.6924	5:40:02	865.71	884.68	864.21	864.51	613.4	108.45	87.59	17871.32	b5	nanopolish_index	s1	16	8
20251.296	5:37:31	867.88	885.51	867.43	867.56	613.44	521.27	87.92	17804.46	b6	nanopolish_index	s1	8	8
17092.9346	4:44:52	859.35	882.22	857.16	857.96	613.43	219.08	86.66	14814.08	c3	nanopolish_index	s1	32	8
14558.4382	4:02:38	861.43	883.06	858.39	859.25	627.2	631.9	81.56	11874.42	c5	nanopolish_index	s1	16	8
16861.5127	4:41:01	864.36	882.23	862.7	862.97	613.43	219.08	88.49	14921.9	c6	nanopolish_index	s1	8	8
16732.2138	4:38:52	840.2	865.98	833.46	835.67	614.51	837.45	94.92	15883.54	d3	nanopolish_index	s1	32	8
14672.3654	4:04:32	811.59	841.64	804.82	806.61	712.34	837.45	92.17	13524.34	d5	nanopolish_index	s1	16	8
12857.2229	3:34:17	802.02	822.87	800.67	800.71	1.6	837.45	99.48	12789.29	d6	nanopolish_index	s1	8	8
17081.1113	4:44:41	866.72	884.77	859.62	863.38	612.72	53.48	88.24	15072.66	a2	nanopolish_index	s1	32	16
19720.7191	5:28:40	868.82	886.46	866.97	867.46	613.44	67.85	90.16	17779.42	a4	nanopolish_index	s1	16	16
17145.9952	4:45:45	866.37	884.87	865	865.77	613.43	108.45	88.53	15179.78	b2	nanopolish_index	s1	32	16
13729.6771	3:48:49	866.99	884.68	865.34	865.56	613.43	108.45	82.62	11344.04	b4	nanopolish_index	s1	16	16
14022.6342	3:53:42	860.61	882.41	857.3	858.45	613.47	219.08	81.15	11379.85	c2	nanopolish_index	s1	32	16
13018.0602	3:36:58	865.62	883.06	863.78	863.99	613.44	631.9	86.69	11286.1	c4	nanopolish_index	s1	16	16
16922.5057	4:42:02	799.3	823	798.32	798.83	612.83	1227.15	93.58	15836.05	d2	nanopolish_index	s1	32	16
12186.2959	3:23:06	802.15	822.87	797.78	799.96	614.13	837.45	90.48	11026.73	d4	nanopolish_index	s1	16	16
14419.1782	4:00:19	868.95	886.47	868.52	868.6	613.43	53.48	76.99	11102.06	a1	nanopolish_index	s1	32	32
16665.7777	4:37:45	867.18	884.86	867.3	867.3	613.43	108.45	87.84	14640.03	b1	nanopolish_index	s1	32	32
17404.4357	4:50:04	865.41	883.05	865.57	865.57	613.44	403.88	88.84	15463.57	c1	nanopolish_index	s1	32	32
17209.0814	4:46:49	802.06	822.87	802.12	802.12	614.28	837.45	91.27	15705.69	d1	nanopolish_index	s1	32	32
8151.885	2:15:51	574.68	592.5	567.28	569.78	416.88	105.99	88.78	7238.11	b7	nanopolish_index	s2	32	4
8407.0365	2:20:07	571.52	592.5	567.34	568.08	0.22	52.21	99.36	8354.12	a9	nanopolish_index	s2	8	4
8718.2183	2:25:18	571.59	592.5	567.38	568.11	417.32	105.99	84.96	7407.88	b8	nanopolish_index	s2	16	4
8981.4527	2:29:41	572.68	593.61	568.46	569.91	417.95	52.21	90.42	8121.54	a8	nanopolish_index	s2	16	4
9005.8371	2:30:05	569.03	589.8	564.67	566.11	416.88	214.21	85.54	7704.63	c8	nanopolish_index	s2	16	4
9514.0942	2:38:34	572.04	593.07	567.86	569.28	449.73	105.99	89.65	8529.59	b9	nanopolish_index	s2	8	4
9791.5905	2:43:11	569.59	590.41	565.25	565.98	341.58	214.21	90.5	8861.53	c9	nanopolish_index	s2	8	4
10481.2013	2:54:41	575.75	593.61	568.46	570.63	417.6	52.21	93.44	9794.12	a0	nanopolish_index	s2	4	4
10543.1278	2:55:43	572.61	590.4	565.25	566.29	364.37	214.21	92.45	9747.6	c0	nanopolish_index	s2	4	4
10561.6608	2:56:01	575.02	592.89	567.67	568.71	109.85	105.99	96.49	10191.57	b0	nanopolish_index	s2	4	4
10605.2765	2:56:45	569.56	590.4	565.18	566.65	418.67	214.21	93.01	9864.81	c7	nanopolish_index	s2	32	4
10837.5656	3:00:37	575.87	593.61	568.46	570.95	417.6	52.21	93.08	10088.83	a7	nanopolish_index	s2	32	4
10752.177	2:59:12	532.11	552.96	527.8	529.26	448.24	536.45	93.64	10070.04	d7	nanopolish_index	s2	32	4
9579.9876	2:39:39	532.19	553.14	527.93	529.36	418.11	536.45	91.74	8789.24	d8	nanopolish_index	s2	16	4
9492.855	2:38:12	532.18	552.96	527.8	528.53	192.84	536.45	93.16	8843.79	d9	nanopolish_index	s2	8	4
10803.1398	3:00:03	535.45	553.14	528.02	530.18	390.1	747.36	95.33	10299.52	d0	nanopolish_index	s2	4	4
10729.3729	2:58:49	574.71	592.5	567.35	569.76	446.88	52.21	69.09	7414.02	a3	nanopolish_index	s2	32	8
10393.1481	2:53:13	575.72	593.43	568.34	570.39	417.6	52.21	78.62	8172.22	a5	nanopolish_index	s2	16	8
11374.9198	3:09:34	575.61	593.42	568.21	570.4	417.6	52.21	84.62	9625.49	a6	nanopolish_index	s2	8	8
11630.8305	3:13:50	575.07	592.88	567.68	570.17	435.79	105.99	86.95	10114.88	b3	nanopolish_index	s2	32	8
13804.2559	3:50:04	575.02	593.06	567.85	569.94	417.6	105.99	85.16	11755.86	b5	nanopolish_index	s2	16	8
13770.7969	3:49:30	575.45	593.07	567.87	570.25	417.6	105.99	85.03	11708.72	b6	nanopolish_index	s2	8	8
12413.3383	3:26:53	572.59	590.39	565.19	567.68	417.6	214.21	82.13	10196	c3	nanopolish_index	s2	32	8
9784.7094	2:43:04	572.97	590.59	565.38	567.45	447.6	214.21	76.37	7472.86	c5	nanopolish_index	s2	16	8
11694.351	3:14:54	572.52	590.4	565.19	567.24	417.6	214.21	84.03	9827.04	c6	nanopolish_index	s2	8	8
10698.4655	2:58:18	531.84	552.96	527.66	529.12	418.22	536.45	93.77	10032.41	d3	nanopolish_index	s2	32	8
9764.1118	2:42:44	531.97	552.96	527.81	529.25	508.64	536.45	92.69	9050.93	d5	nanopolish_index	s2	16	8
8088.4499	2:14:48	531.75	552.53	527.44	528.17	260.07	536.45	91.74	7420.63	d6	nanopolish_index	s2	8	8
11980.0743	3:19:40	575.98	593.61	568.57	571.06	417.6	52.21	84.92	10174.84	a2	nanopolish_index	s2	32	16
13284.7845	3:41:24	575.59	593.42	568.27	570.7	417.6	52.21	87.96	11685.92	a4	nanopolish_index	s2	16	16
11627.4131	3:13:47	575.08	592.89	567.68	570.17	417.6	105.99	87.04	10122.12	b2	nanopolish_index	s2	32	16
9517.5141	2:38:37	575.26	593.07	567.86	569.92	417.6	105.99	79.71	7586.97	b4	nanopolish_index	s2	16	16
10040.0339	2:47:20	571.99	590.02	564.89	566.99	416.88	214.21	74.79	7509.93	c2	nanopolish_index	s2	32	16
8337.9223	2:18:57	572.31	590.02	564.87	566.89	416.88	214.21	88.89	7412.41	c4	nanopolish_index	s2	16	16
10913.0922	3:01:53	531.81	552.53	527.44	528.9	448.59	536.45	96.55	10538.25	d2	nanopolish_index	s2	32	16
8088.2205	2:14:48	531.75	552.53	527.44	528.17	268.83	536.45	90.94	7355.96	d4	nanopolish_index	s2	16	16
10098.3161	2:48:18	575.96	593.61	568.46	570.88	417.6	52.21	70.72	7142.31	a1	nanopolish_index	s2	32	32
12018.0188	3:20:18	575.11	592.88	567.68	570.17	447.68	105.99	86.19	10360.03	b1	nanopolish_index	s2	32	32
12395.8167	3:26:35	572.68	590.59	565.38	569.17	417.6	214.21	83.67	10373.49	c1	nanopolish_index	s2	32	32
11327.3162	3:08:47	616.07	635.66	608.95	611.3	417.87	536.45	90.39	10238.54	d1	nanopolish_index	s2	32	32
